1 3.050000 0.000000 -0.370000
2 3.050000 0.105801 -0.404377
3 3.050000 0.171190 -0.494377
4 3.050000 0.171190 -0.605623
5 3.050000 0.105801 -0.695623
6 3.050000 0.000000 -0.730000
7 3.050000 -0.105801 -0.695623
8 3.050000 -0.171190 -0.605623
9 3.050000 -0.171190 -0.494377
10 3.050000 -0.105801 -0.404377
11 3.216667 0.000000 -0.370000
12 3.216667 0.105801 -0.404377
13 3.216667 0.171190 -0.494377
14 3.216667 0.171190 -0.605623
15 3.216667 0.105801 -0.695623
16 3.216667 0.000000 -0.730000
17 3.216667 -0.105801 -0.695623
18 3.216667 -0.171190 -0.605623
19 3.216667 -0.171190 -0.494377
20 3.216667 -0.105801 -0.404377
21 3.383333 0.000000 -0.370000
22 3.383333 0.105801 -0.404377
23 3.383333 0.171190 -0.494377
24 3.383333 0.171190 -0.605623
25 3.383333 0.105801 -0.695623
26 3.383333 0.000000 -0.730000
27 3.383333 -0.105801 -0.695623
28 3.383333 -0.171190 -0.605623
29 3.383333 -0.171190 -0.494377
30 3.383333 -0.105801 -0.404377
31 3.550000 0.000000 -0.370000
32 3.550000 0.105801 -0.404377
33 3.550000 0.171190 -0.494377
34 3.550000 0.171190 -0.605623
35 3.550000 0.105801 -0.695623
36 3.550000 0.000000 -0.730000
37 3.550000 -0.105801 -0.695623
38 3.550000 -0.171190 -0.605623
39 3.550000 -0.171190 -0.494377
40 3.550000 -0.105801 -0.404377
41 3.716667 0.000000 -0.370000
42 3.716667 0.105801 -0.404377
43 3.716667 0.171190 -0.494377
44 3.716667 0.171190 -0.605623
45 3.716667 0.105801 -0.695623
46 3.716667 0.000000 -0.730000
47 3.716667 -0.105801 -0.695623
48 3.716667 -0.171190 -0.605623
49 3.716667 -0.171190 -0.494377
50 3.716667 -0.105801 -0.404377
51 3.883333 0.000000 -0.370000
52 3.883333 0.105801 -0.404377
53 3.883333 0.171190 -0.494377
54 3.883333 0.171190 -0.605623
55 3.883333 0.105801 -0.695623
56 3.883333 0.000000 -0.730000
57 3.883333 -0.105801 -0.695623
58 3.883333 -0.171190 -0.605623
59 3.883333 -0.171190 -0.494377
60 3.883333 -0.105801 -0.404377
61 4.050000 0.000000 -0.370000
62 4.050000 0.105801 -0.404377
63 4.050000 0.171190 -0.494377
64 4.050000 0.171190 -0.605623
65 4.050000 0.105801 -0.695623
66 4.050000 0.000000 -0.730000
67 4.050000 -0.105801 -0.695623
68 4.050000 -0.171190 -0.605623
69 4.050000 -0.171190 -0.494377
70 4.050000 -0.105801 -0.404377
71 4.216667 0.000000 -0.370000
72 4.216667 0.105801 -0.404377
73 4.216667 0.171190 -0.494377
74 4.216667 0.171190 -0.605623
75 4.216667 0.105801 -0.695623
76 4.216667 0.000000 -0.730000
77 4.216667 -0.105801 -0.695623
78 4.216667 -0.171190 -0.605623
79 4.216667 -0.171190 -0.494377
80 4.216667 -0.105801 -0.404377
81 4.383333 0.000000 -0.370000
82 4.383333 0.105801 -0.404377
83 4.383333 0.171190 -0.494377
84 4.383333 0.171190 -0.605623
85 4.383333 0.105801 -0.695623
86 4.383333 0.000000 -0.730000
87 4.383333 -0.105801 -0.695623
88 4.383333 -0.171190 -0.605623
89 4.383333 -0.171190 -0.494377
90 4.383333 -0.105801 -0.404377
91 4.550000 0.000000 -0.370000
92 4.550000 0.105801 -0.404377
93 4.550000 0.171190 -0.494377
94 4.550000 0.171190 -0.605623
95 4.550000 0.105801 -0.695623
96 4.550000 0.000000 -0.730000
97 4.550000 -0.105801 -0.695623
98 4.550000 -0.171190 -0.605623
99 4.550000 -0.171190 -0.494377
100 4.550000 -0.105801 -0.404377
101 4.716667 0.000000 -0.370000
102 4.716667 0.105801 -0.404377
103 4.716667 0.171190 -0.494377
104 4.716667 0.171190 -0.605623
105 4.716667 0.105801 -0.695623
106 4.716667 0.000000 -0.730000
107 4.716667 -0.105801 -0.695623
108 4.716667 -0.171190 -0.605623
109 4.716667 -0.171190 -0.494377
110 4.716667 -0.105801 -0.404377
111 4.883333 0.000000 -0.370000
112 4.883333 0.105801 -0.404377
113 4.883333 0.171190 -0.494377
114 4.883333 0.171190 -0.605623
115 4.883333 0.105801 -0.695623
116 4.883333 0.000000 -0.730000
117 4.883333 -0.105801 -0.695623
118 4.883333 -0.171190 -0.605623
119 4.883333 -0.171190 -0.494377
120 4.883333 -0.105801 -0.404377
121 5.050000 0.000000 -0.370000
122 5.050000 0.105801 -0.404377
123 5.050000 0.171190 -0.494377
124 5.050000 0.171190 -0.605623
125 5.050000 0.105801 -0.695623
126 5.050000 0.000000 -0.730000
127 5.050000 -0.105801 -0.695623
128 5.050000 -0.171190 -0.605623
129 5.050000 -0.171190 -0.494377
130 5.050000 -0.105801 -0.404377
131 5.154241 0.000000 -0.355012
132 5.163926 0.105801 -0.387997
133 5.189282 0.171190 -0.474351
134 5.220624 0.171190 -0.581091
135 5.245980 0.105801 -0.667445
136 5.255665 0.000000 -0.700430
137 5.245980 -0.105801 -0.667445
138 5.220624 -0.171190 -0.581091
139 5.189282 -0.171190 -0.474351
140 5.163926 -0.105801 -0.387997
141 5.250037 0.000000 -0.311264
142 5.268623 0.105801 -0.340184
143 5.317280 0.171190 -0.415896
144 5.377425 0.171190 -0.509483
145 5.426082 0.105801 -0.585195
146 5.444668 0.000000 -0.614115
147 5.426082 -0.105801 -0.585195
148 5.377425 -0.171190 -0.509483
149 5.317280 -0.171190 -0.415896
150 5.268623 -0.105801 -0.340184
151 5.329627 0.000000 -0.242298
152 5.355608 0.105801 -0.264811
153 5.423625 0.171190 -0.323748
154 5.507699 0.171190 -0.396599
155 5.575717 0.105801 -0.455536
156 5.601697 0.000000 -0.478048
157 5.575717 -0.105801 -0.455536
158 5.507699 -0.171190 -0.396599
159 5.423625 -0.171190 -0.323748
160 5.355608 -0.105801 -0.264811
161 5.386564 0.000000 -0.153704
162 5.417834 0.105801 -0.167984
163 5.499701 0.171190 -0.205372
164 5.600894 0.171190 -0.251585
165 5.682761 0.105801 -0.288972
166 5.714031 0.000000 -0.303253
167 5.682761 -0.105801 -0.288972
168 5.600894 -0.171190 -0.251585
169 5.499701 -0.171190 -0.205372
170 5.417834 -0.105801 -0.167984
171 5.416234 0.000000 -0.052656
172 5.450261 0.105801 -0.057549
173 5.539345 0.171190 -0.070357
174 5.649459 0.171190 -0.086189
175 5.738543 0.105801 -0.098997
176 5.772570 0.000000 -0.103890
177 5.738543 -0.105801 -0.098997
178 5.649459 -0.171190 -0.086189
179 5.539345 -0.171190 -0.070357
180 5.450261 -0.105801 -0.057549
181 5.416234 0.000000 0.052656
182 5.450261 0.105801 0.057549
183 5.539345 0.171190 0.070357
184 5.649459 0.171190 0.086189
185 5.738543 0.105801 0.098997
186 5.772570 0.000000 0.103890
187 5.738543 -0.105801 0.098997
188 5.649459 -0.171190 0.086189
189 5.539345 -0.171190 0.070357
190 5.450261 -0.105801 0.057549
191 5.386564 0.000000 0.153704
192 5.417834 0.105801 0.167984
193 5.499701 0.171190 0.205372
194 5.600894 0.171190 0.251585
195 5.682761 0.105801 0.288972
196 5.714031 0.000000 0.303253
197 5.682761 -0.105801 0.288972
198 5.600894 -0.171190 0.251585
199 5.499701 -0.171190 0.205372
200 5.417834 -0.105801 0.167984
201 5.329627 0.000000 0.242298
202 5.355608 0.105801 0.264811
203 5.423625 0.171190 0.323748
204 5.507699 0.171190 0.396599
205 5.575717 0.105801 0.455536
206 5.601697 0.000000 0.478048
207 5.575717 -0.105801 0.455536
208 5.507699 -0.171190 0.396599
209 5.423625 -0.171190 0.323748
210 5.355608 -0.105801 0.264811
211 5.250037 0.000000 0.311264
212 5.268623 0.105801 0.340184
213 5.317280 0.171190 0.415896
214 5.377425 0.171190 0.509483
215 5.426082 0.105801 0.585195
216 5.444668 0.000000 0.614115
217 5.426082 -0.105801 0.585195
218 5.377425 -0.171190 0.509483
219 5.317280 -0.171190 0.415896
220 5.268623 -0.105801 0.340184
221 5.154241 0.000000 0.355012
222 5.163926 0.105801 0.387997
223 5.189282 0.171190 0.474351
224 5.220624 0.171190 0.581091
225 5.245980 0.105801 0.667445
226 5.255665 0.000000 0.700430
227 5.245980 -0.105801 0.667445
228 5.220624 -0.171190 0.581091
229 5.189282 -0.171190 0.474351
230 5.163926 -0.105801 0.387997
231 5.050000 0.000000 0.370000
232 5.050000 0.105801 0.404377
233 5.050000 0.171190 0.494377
234 5.050000 0.171190 0.605623
235 5.050000 0.105801 0.695623
236 5.050000 0.000000 0.730000
237 5.050000 -0.105801 0.695623
238 5.050000 -0.171190 0.605623
239 5.050000 -0.171190 0.494377
240 5.050000 -0.105801 0.404377
241 4.883333 0.000000 0.370000
242 4.883333 0.105801 0.404377
243 4.883333 0.171190 0.494377
244 4.883333 0.171190 0.605623
245 4.883333 0.105801 0.695623
246 4.883333 0.000000 0.730000
247 4.883333 -0.105801 0.695623
248 4.883333 -0.171190 0.605623
249 4.883333 -0.171190 0.494377
250 4.883333 -0.105801 0.404377
251 4.716667 0.000000 0.370000
252 4.716667 0.105801 0.404377
253 4.716667 0.171190 0.494377
254 4.716667 0.171190 0.605623
255 4.716667 0.105801 0.695623
256 4.716667 0.000000 0.730000
257 4.716667 -0.105801 0.695623
258 4.716667 -0.171190 0.605623
259 4.716667 -0.171190 0.494377
260 4.716667 -0.105801 0.404377
261 4.550000 0.000000 0.370000
262 4.550000 0.105801 0.404377
263 4.550000 0.171190 0.494377
264 4.550000 0.171190 0.605623
265 4.550000 0.105801 0.695623
266 4.550000 0.000000 0.730000
267 4.550000 -0.105801 0.695623
268 4.550000 -0.171190 0.605623
269 4.550000 -0.171190 0.494377
270 4.550000 -0.105801 0.404377
271 4.383333 0.000000 0.370000
272 4.383333 0.105801 0.404377
273 4.383333 0.171190 0.494377
274 4.383333 0.171190 0.605623
275 4.383333 0.105801 0.695623
276 4.383333 0.000000 0.730000
277 4.383333 -0.105801 0.695623
278 4.383333 -0.171190 0.605623
279 4.383333 -0.171190 0.494377
280 4.383333 -0.105801 0.404377
281 4.216667 0.000000 0.370000
282 4.216667 0.105801 0.404377
283 4.216667 0.171190 0.494377
284 4.216667 0.171190 0.605623
285 4.216667 0.105801 0.695623
286 4.216667 0.000000 0.730000
287 4.216667 -0.105801 0.695623
288 4.216667 -0.171190 0.605623
289 4.216667 -0.171190 0.494377
290 4.216667 -0.105801 0.404377
291 4.050000 0.000000 0.370000
292 4.050000 0.105801 0.404377
293 4.050000 0.171190 0.494377
294 4.050000 0.171190 0.605623
295 4.050000 0.105801 0.695623
296 4.050000 0.000000 0.730000
297 4.050000 -0.105801 0.695623
298 4.050000 -0.171190 0.605623
299 4.050000 -0.171190 0.494377
300 4.050000 -0.105801 0.404377
301 3.883333 0.000000 0.370000
302 3.883333 0.105801 0.404377
303 3.883333 0.171190 0.494377
304 3.883333 0.171190 0.605623
305 3.883333 0.105801 0.695623
306 3.883333 0.000000 0.730000
307 3.883333 -0.105801 0.695623
308 3.883333 -0.171190 0.605623
309 3.883333 -0.171190 0.494377
310 3.883333 -0.105801 0.404377
311 3.716667 0.000000 0.370000
312 3.716667 0.105801 0.404377
313 3.716667 0.171190 0.494377
314 3.716667 0.171190 0.605623
315 3.716667 0.105801 0.695623
316 3.716667 0.000000 0.730000
317 3.716667 -0.105801 0.695623
318 3.716667 -0.171190 0.605623
319 3.716667 -0.171190 0.494377
320 3.716667 -0.105801 0.404377
321 3.550000 0.000000 0.370000
322 3.550000 0.105801 0.404377
323 3.550000 0.171190 0.494377
324 3.550000 0.171190 0.605623
325 3.550000 0.105801 0.695623
326 3.550000 0.000000 0.730000
327 3.550000 -0.105801 0.695623
328 3.550000 -0.171190 0.605623
329 3.550000 -0.171190 0.494377
330 3.550000 -0.105801 0.404377
331 3.383333 0.000000 0.370000
332 3.383333 0.105801 0.404377
333 3.383333 0.171190 0.494377
334 3.383333 0.171190 0.605623
335 3.383333 0.105801 0.695623
336 3.383333 0.000000 0.730000
337 3.383333 -0.105801 0.695623
338 3.383333 -0.171190 0.605623
339 3.383333 -0.171190 0.494377
340 3.383333 -0.105801 0.404377
341 3.216667 0.000000 0.370000
342 3.216667 0.105801 0.404377
343 3.216667 0.171190 0.494377
344 3.216667 0.171190 0.605623
345 3.216667 0.105801 0.695623
346 3.216667 0.000000 0.730000
347 3.216667 -0.105801 0.695623
348 3.216667 -0.171190 0.605623
349 3.216667 -0.171190 0.494377
350 3.216667 -0.105801 0.404377
351 3.050000 0.000000 0.370000
352 3.050000 0.105801 0.404377
353 3.050000 0.171190 0.494377
354 3.050000 0.171190 0.605623
355 3.050000 0.105801 0.695623
356 3.050000 0.000000 0.730000
357 3.050000 -0.105801 0.695623
358 3.050000 -0.171190 0.605623
359 3.050000 -0.171190 0.494377
360 3.050000 -0.105801 0.404377
361 2.945759 0.000000 0.355012
362 2.936074 0.105801 0.387997
363 2.910718 0.171190 0.474351
364 2.879376 0.171190 0.581091
365 2.854020 0.105801 0.667445
366 2.844335 0.000000 0.700430
367 2.854020 -0.105801 0.667445
368 2.879376 -0.171190 0.581091
369 2.910718 -0.171190 0.474351
370 2.936074 -0.105801 0.387997
371 2.849963 0.000000 0.311264
372 2.831377 0.105801 0.340184
373 2.782720 0.171190 0.415896
374 2.722575 0.171190 0.509483
375 2.673918 0.105801 0.585195
376 2.655332 0.000000 0.614115
377 2.673918 -0.105801 0.585195
378 2.722575 -0.171190 0.509483
379 2.782720 -0.171190 0.415896
380 2.831377 -0.105801 0.340184
381 2.770373 0.000000 0.242298
382 2.744392 0.105801 0.264811
383 2.676375 0.171190 0.323748
384 2.592301 0.171190 0.396599
385 2.524283 0.105801 0.455536
386 2.498303 0.000000 0.478048
387 2.524283 -0.105801 0.455536
388 2.592301 -0.171190 0.396599
389 2.676375 -0.171190 0.323748
390 2.744392 -0.105801 0.264811
391 2.713436 0.000000 0.153704
392 2.682166 0.105801 0.167984
393 2.600299 0.171190 0.205372
394 2.499106 0.171190 0.251585
395 2.417239 0.105801 0.288972
396 2.385969 0.000000 0.303253
397 2.417239 -0.105801 0.288972
398 2.499106 -0.171190 0.251585
399 2.600299 -0.171190 0.205372
400 2.682166 -0.105801 0.167984
401 2.683766 0.000000 0.052656
402 2.649739 0.105801 0.057549
403 2.560655 0.171190 0.070357
404 2.450541 0.171190 0.086189
405 2.361457 0.105801 0.098997
406 2.327430 0.000000 0.103890
407 2.361457 -0.105801 0.098997
408 2.450541 -0.171190 0.086189
409 2.560655 -0.171190 0.070357
410 2.649739 -0.105801 0.057549
411 2.683766 0.000000 -0.052656
412 2.649739 0.105801 -0.057549
413 2.560655 0.171190 -0.070357
414 2.450541 0.171190 -0.086189
415 2.361457 0.105801 -0.098997
416 2.327430 0.000000 -0.103890
417 2.361457 -0.105801 -0.098997
418 2.450541 -0.171190 -0.086189
419 2.560655 -0.171190 -0.070357
420 2.649739 -0.105801 -0.057549
421 2.713436 0.000000 -0.153704
422 2.682166 0.105801 -0.167984
423 2.600299 0.171190 -0.205372
424 2.499106 0.171190 -0.251585
425 2.417239 0.105801 -0.288972
426 2.385969 0.000000 -0.303253
427 2.417239 -0.105801 -0.288972
428 2.499106 -0.171190 -0.251585
429 2.600299 -0.171190 -0.205372
430 2.682166 -0.105801 -0.167984
431 2.770373 0.000000 -0.242298
432 2.744392 0.105801 -0.264811
433 2.676375 0.171190 -0.323748
434 2.592301 0.171190 -0.396599
435 2.524283 0.105801 -0.455536
436 2.498303 0.000000 -0.478048
437 2.524283 -0.105801 -0.455536
438 2.592301 -0.171190 -0.396599
439 2.676375 -0.171190 -0.323748
440 2.744392 -0.105801 -0.264811
441 2.849963 0.000000 -0.311264
442 2.831377 0.105801 -0.340184
443 2.782720 0.171190 -0.415896
444 2.722575 0.171190 -0.509483
445 2.673918 0.105801 -0.585195
446 2.655332 0.000000 -0.614115
447 2.673918 -0.105801 -0.585195
448 2.722575 -0.171190 -0.509483
449 2.782720 -0.171190 -0.415896
450 2.831377 -0.105801 -0.340184
451 2.945759 0.000000 -0.355012
452 2.936074 0.105801 -0.387997
453 2.910718 0.171190 -0.474351
454 2.879376 0.171190 -0.581091
455 2.854020 0.105801 -0.667445
456 2.844335 0.000000 -0.700430
457 2.854020 -0.105801 -0.667445
458 2.879376 -0.171190 -0.581091
459 2.910718 -0.171190 -0.474351
460 2.936074 -0.105801 -0.387997
Faces:
1 2 12 11 .
2 3 13 12 .
3 4 14 13 .
4 5 15 14 .
5 6 16 15 .
6 7 17 16 .
7 8 18 17 .
8 9 19 18 .
9 10 20 19 .
10 1 11 20 .
11 12 22 21 .
12 13 23 22 .
13 14 24 23 .
14 15 25 24 .
15 16 26 25 .
16 17 27 26 .
17 18 28 27 .
18 19 29 28 .
19 20 30 29 .
20 11 21 30 .
21 22 32 31 .
22 23 33 32 .
23 24 34 33 .
24 25 35 34 .
25 26 36 35 .
26 27 37 36 .
27 28 38 37 .
28 29 39 38 .
29 30 40 39 .
30 21 31 40 .
31 32 42 41 .
32 33 43 42 .
33 34 44 43 .
34 35 45 44 .
35 36 46 45 .
36 37 47 46 .
37 38 48 47 .
38 39 49 48 .
39 40 50 49 .
40 31 41 50 .
41 42 52 51 .
42 43 53 52 .
43 44 54 53 .
44 45 55 54 .
45 46 56 55 .
46 47 57 56 .
47 48 58 57 .
48 49 59 58 .
49 50 60 59 .
50 41 51 60 .
51 52 62 61 .
52 53 63 62 .
53 54 64 63 .
54 55 65 64 .
55 56 66 65 .
56 57 67 66 .
57 58 68 67 .
58 59 69 68 .
59 60 70 69 .
60 51 61 70 .
61 62 72 71 .
62 63 73 72 .
63 64 74 73 .
64 65 75 74 .
65 66 76 75 .
66 67 77 76 .
67 68 78 77 .
68 69 79 78 .
69 70 80 79 .
70 61 71 80 .
71 72 82 81 .
72 73 83 82 .
73 74 84 83 .
74 75 85 84 .
75 76 86 85 .
76 77 87 86 .
77 78 88 87 .
78 79 89 88 .
79 80 90 89 .
80 71 81 90 .
81 82 92 91 .
82 83 93 92 .
83 84 94 93 .
84 85 95 94 .
85 86 96 95 .
86 87 97 96 .
87 88 98 97 .
88 89 99 98 .
89 90 100 99 .
90 81 91 100 .
91 92 102 101 .
92 93 103 102 .
93 94 104 103 .
94 95 105 104 .
95 96 106 105 .
96 97 107 106 .
97 98 108 107 .
98 99 109 108 .
99 100 110 109 .
100 91 101 110 .
101 102 112 111 .
102 103 113 112 .
103 104 114 113 .
104 105 115 114 .
105 106 116 115 .
106 107 117 116 .
107 108 118 117 .
108 109 119 118 .
109 110 120 119 .
110 101 111 120 .
111 112 122 121 .
112 113 123 122 .
113 114 124 123 .
114 115 125 124 .
115 116 126 125 .
116 117 127 126 .
117 118 128 127 .
118 119 129 128 .
119 120 130 129 .
120 111 121 130 .
121 122 132 131 .
122 123 133 132 .
123 124 134 133 .
124 125 135 134 .
125 126 136 135 .
126 127 137 136 .
127 128 138 137 .
128 129 139 138 .
129 130 140 139 .
130 121 131 140 .
131 132 142 141 .
132 133 143 142 .
133 134 144 143 .
134 135 145 144 .
135 136 146 145 .
136 137 147 146 .
137 138 148 147 .
138 139 149 148 .
139 140 150 149 .
140 131 141 150 .
141 142 152 151 .
142 143 153 152 .
143 144 154 153 .
144 145 155 154 .
145 146 156 155 .
146 147 157 156 .
147 148 158 157 .
148 149 159 158 .
149 150 160 159 .
150 141 151 160 .
151 152 162 161 .
152 153 163 162 .
153 154 164 163 .
154 155 165 164 .
155 156 166 165 .
156 157 167 166 .
157 158 168 167 .
158 159 169 168 .
159 160 170 169 .
160 151 161 170 .
161 162 172 171 .
162 163 173 172 .
163 164 174 173 .
164 165 175 174 .
165 166 176 175 .
166 167 177 176 .
167 168 178 177 .
168 169 179 178 .
169 170 180 179 .
170 161 171 180 .
171 172 182 181 .
172 173 183 182 .
173 174 184 183 .
174 175 185 184 .
175 176 186 185 .
176 177 187 186 .
177 178 188 187 .
178 179 189 188 .
179 180 190 189 .
180 171 181 190 .
181 182 192 191 .
182 183 193 192 .
183 184 194 193 .
184 185 195 194 .
185 186 196 195 .
186 187 197 196 .
187 188 198 197 .
188 189 199 198 .
189 190 200 199 .
190 181 191 200 .
191 192 202 201 .
192 193 203 202 .
193 194 204 203 .
194 195 205 204 .
195 196 206 205 .
196 197 207 206 .
197 198 208 207 .
198 199 209 208 .
199 200 210 209 .
200 191 201 210 .
201 202 212 211 .
202 203 213 212 .
203 204 214 213 .
204 205 215 214 .
205 206 216 215 .
206 207 217 216 .
207 208 218 217 .
208 209 219 218 .
209 210 220 219 .
210 201 211 220 .
211 212 222 221 .
212 213 223 222 .
213 214 224 223 .
214 215 225 224 .
215 216 226 225 .
216 217 227 226 .
217 218 228 227 .
218 219 229 228 .
219 220 230 229 .
220 211 221 230 .
221 222 232 231 .
222 223 233 232 .
223 224 234 233 .
224 225 235 234 .
225 226 236 235 .
226 227 237 236 .
227 228 238 237 .
228 229 239 238 .
229 230 240 239 .
230 221 231 240 .
231 232 242 241 .
232 233 243 242 .
233 234 244 243 .
234 235 245 244 .
235 236 246 245 .
236 237 247 246 .
237 238 248 247 .
238 239 249 248 .
239 240 250 249 .
240 231 241 250 .
241 242 252 251 .
242 243 253 252 .
243 244 254 253 .
244 245 255 254 .
245 246 256 255 .
246 247 257 256 .
247 248 258 257 .
248 249 259 258 .
249 250 260 259 .
250 241 251 260 .
251 252 262 261 .
252 253 263 262 .
253 254 264 263 .
254 255 265 264 .
255 256 266 265 .
256 257 267 266 .
257 258 268 267 .
258 259 269 268 .
259 260 270 269 .
260 251 261 270 .
261 262 272 271 .
262 263 273 272 .
263 264 274 273 .
264 265 275 274 .
265 266 276 275 .
266 267 277 276 .
267 268 278 277 .
268 269 279 278 .
269 270 280 279 .
270 261 271 280 .
271 272 282 281 .
272 273 283 282 .
273 274 284 283 .
274 275 285 284 .
275 276 286 285 .
276 277 287 286 .
277 278 288 287 .
278 279 289 288 .
279 280 290 289 .
280 271 281 290 .
281 282 292 291 .
282 283 293 292 .
283 284 294 293 .
284 285 295 294 .
285 286 296 295 .
286 287 297 296 .
287 288 298 297 .
288 289 299 298 .
289 290 300 299 .
290 281 291 300 .
291 292 302 301 .
292 293 303 302 .
293 294 304 303 .
294 295 305 304 .
295 296 306 305 .
296 297 307 306 .
297 298 308 307 .
298 299 309 308 .
299 300 310 309 .
300 291 301 310 .
301 302 312 311 .
302 303 313 312 .
303 304 314 313 .
304 305 315 314 .
305 306 316 315 .
306 307 317 316 .
307 308 318 317 .
308 309 319 318 .
309 310 320 319 .
310 301 311 320 .
311 312 322 321 .
312 313 323 322 .
313 314 324 323 .
314 315 325 324 .
315 316 326 325 .
316 317 327 326 .
317 318 328 327 .
318 319 329 328 .
319 320 330 329 .
320 311 321 330 .
321 322 332 331 .
322 323 333 332 .
323 324 334 333 .
324 325 335 334 .
325 326 336 335 .
326 327 337 336 .
327 328 338 337 .
328 329 339 338 .
329 330 340 339 .
330 321 331 340 .
331 332 342 341 .
332 333 343 342 .
333 334 344 343 .
334 335 345 344 .
335 336 346 345 .
336 337 347 346 .
337 338 348 347 .
338 339 349 348 .
339 340 350 349 .
340 331 341 350 .
341 342 352 351 .
342 343 353 352 .
343 344 354 353 .
344 345 355 354 .
345 346 356 355 .
346 347 357 356 .
347 348 358 357 .
348 349 359 358 .
349 350 360 359 .
350 341 351 360 .
351 352 362 361 .
352 353 363 362 .
353 354 364 363 .
354 355 365 364 .
355 356 366 365 .
356 357 367 366 .
357 358 368 367 .
358 359 369 368 .
359 360 370 369 .
360 351 361 370 .
361 362 372 371 .
362 363 373 372 .
363 364 374 373 .
364 365 375 374 .
365 366 376 375 .
366 367 377 376 .
367 368 378 377 .
368 369 379 378 .
369 370 380 379 .
370 361 371 380 .
371 372 382 381 .
372 373 383 382 .
373 374 384 383 .
374 375 385 384 .
375 376 386 385 .
376 377 387 386 .
377 378 388 387 .
378 379 389 388 .
379 380 390 389 .
380 371 381 390 .
381 382 392 391 .
382 383 393 392 .
383 384 394 393 .
384 385 395 394 .
385 386 396 395 .
386 387 397 396 .
387 388 398 397 .
388 389 399 398 .
389 390 400 399 .
390 381 391 400 .
391 392 402 401 .
392 393 403 402 .
393 394 404 403 .
394 395 405 404 .
395 396 406 405 .
396 397 407 406 .
397 398 408 407 .
398 399 409 408 .
399 400 410 409 .
400 391 401 410 .
401 402 412 411 .
402 403 413 412 .
403 404 414 413 .
404 405 415 414 .
405 406 416 415 .
406 407 417 416 .
407 408 418 417 .
408 409 419 418 .
409 410 420 419 .
410 401 411 420 .
411 412 422 421 .
412 413 423 422 .
413 414 424 423 .
414 415 425 424 .
415 416 426 425 .
416 417 427 426 .
417 418 428 427 .
418 419 429 428 .
419 420 430 429 .
420 411 421 430 .
421 422 432 431 .
422 423 433 432 .
423 424 434 433 .
424 425 435 434 .
425 426 436 435 .
426 427 437 436 .
427 428 438 437 .
428 429 439 438 .
429 430 440 439 .
430 421 431 440 .
431 432 442 441 .
432 433 443 442 .
433 434 444 443 .
434 435 445 444 .
435 436 446 445 .
436 437 447 446 .
437 438 448 447 .
438 439 449 448 .
439 440 450 449 .
440 431 441 450 .
441 442 452 451 .
442 443 453 452 .
443 444 454 453 .
444 445 455 454 .
445 446 456 455 .
446 447 457 456 .
447 448 458 457 .
448 449 459 458 .
449 450 460 459 .
450 441 451 460 .
451 452 2 1 .
452 453 3 2 .
453 454 4 3 .
454 455 5 4 .
455 456 6 5 .
456 457 7 6 .
457 458 8 7 .
458 459 9 8 .
459 460 10 9 .
460 451 1 10 .
