1 0.350000 0.000000 -0.370000
2 0.350000 0.105801 -0.404377
3 0.350000 0.171190 -0.494377
4 0.350000 0.171190 -0.605623
5 0.350000 0.105801 -0.695623
6 0.350000 0.000000 -0.730000
7 0.350000 -0.105801 -0.695623
8 0.350000 -0.171190 -0.605623
9 0.350000 -0.171190 -0.494377
10 0.350000 -0.105801 -0.404377
11 0.516667 0.000000 -0.370000
12 0.516667 0.105801 -0.404377
13 0.516667 0.171190 -0.494377
14 0.516667 0.171190 -0.605623
15 0.516667 0.105801 -0.695623
16 0.516667 0.000000 -0.730000
17 0.516667 -0.105801 -0.695623
18 0.516667 -0.171190 -0.605623
19 0.516667 -0.171190 -0.494377
20 0.516667 -0.105801 -0.404377
21 0.683333 0.000000 -0.370000
22 0.683333 0.105801 -0.404377
23 0.683333 0.171190 -0.494377
24 0.683333 0.171190 -0.605623
25 0.683333 0.105801 -0.695623
26 0.683333 0.000000 -0.730000
27 0.683333 -0.105801 -0.695623
28 0.683333 -0.171190 -0.605623
29 0.683333 -0.171190 -0.494377
30 0.683333 -0.105801 -0.404377
31 0.850000 0.000000 -0.370000
32 0.850000 0.105801 -0.404377
33 0.850000 0.171190 -0.494377
34 0.850000 0.171190 -0.605623
35 0.850000 0.105801 -0.695623
36 0.850000 0.000000 -0.730000
37 0.850000 -0.105801 -0.695623
38 0.850000 -0.171190 -0.605623
39 0.850000 -0.171190 -0.494377
40 0.850000 -0.105801 -0.404377
41 1.016667 0.000000 -0.370000
42 1.016667 0.105801 -0.404377
43 1.016667 0.171190 -0.494377
44 1.016667 0.171190 -0.605623
45 1.016667 0.105801 -0.695623
46 1.016667 0.000000 -0.730000
47 1.016667 -0.105801 -0.695623
48 1.016667 -0.171190 -0.605623
49 1.016667 -0.171190 -0.494377
50 1.016667 -0.105801 -0.404377
51 1.183333 0.000000 -0.370000
52 1.183333 0.105801 -0.404377
53 1.183333 0.171190 -0.494377
54 1.183333 0.171190 -0.605623
55 1.183333 0.105801 -0.695623
56 1.183333 0.000000 -0.730000
57 1.183333 -0.105801 -0.695623
58 1.183333 -0.171190 -0.605623
59 1.183333 -0.171190 -0.494377
60 1.183333 -0.105801 -0.404377
61 1.350000 0.000000 -0.370000
62 1.350000 0.105801 -0.404377
63 1.350000 0.171190 -0.494377
64 1.350000 0.171190 -0.605623
65 1.350000 0.105801 -0.695623
66 1.350000 0.000000 -0.730000
67 1.350000 -0.105801 -0.695623
68 1.350000 -0.171190 -0.605623
69 1.350000 -0.171190 -0.494377
70 1.350000 -0.105801 -0.404377
71 1.516667 0.000000 -0.370000
72 1.516667 0.105801 -0.404377
73 1.516667 0.171190 -0.494377
74 1.516667 0.171190 -0.605623
75 1.516667 0.105801 -0.695623
76 1.516667 0.000000 -0.730000
77 1.516667 -0.105801 -0.695623
78 1.516667 -0.171190 -0.605623
79 1.516667 -0.171190 -0.494377
80 1.516667 -0.105801 -0.404377
81 1.683333 0.000000 -0.370000
82 1.683333 0.105801 -0.404377
83 1.683333 0.171190 -0.494377
84 1.683333 0.171190 -0.605623
85 1.683333 0.105801 -0.695623
86 1.683333 0.000000 -0.730000
87 1.683333 -0.105801 -0.695623
88 1.683333 -0.171190 -0.605623
89 1.683333 -0.171190 -0.494377
90 1.683333 -0.105801 -0.404377
91 1.850000 0.000000 -0.370000
92 1.850000 0.105801 -0.404377
93 1.850000 0.171190 -0.494377
94 1.850000 0.171190 -0.605623
95 1.850000 0.105801 -0.695623
96 1.850000 0.000000 -0.730000
97 1.850000 -0.105801 -0.695623
98 1.850000 -0.171190 -0.605623
99 1.850000 -0.171190 -0.494377
100 1.850000 -0.105801 -0.404377
101 2.016667 0.000000 -0.370000
102 2.016667 0.105801 -0.404377
103 2.016667 0.171190 -0.494377
104 2.016667 0.171190 -0.605623
105 2.016667 0.105801 -0.695623
106 2.016667 0.000000 -0.730000
107 2.016667 -0.105801 -0.695623
108 2.016667 -0.171190 -0.605623
109 2.016667 -0.171190 -0.494377
110 2.016667 -0.105801 -0.404377
111 2.183333 0.000000 -0.370000
112 2.183333 0.105801 -0.404377
113 2.183333 0.171190 -0.494377
114 2.183333 0.171190 -0.605623
115 2.183333 0.105801 -0.695623
116 2.183333 0.000000 -0.730000
117 2.183333 -0.105801 -0.695623
118 2.183333 -0.171190 -0.605623
119 2.183333 -0.171190 -0.494377
120 2.183333 -0.105801 -0.404377
121 2.350000 0.000000 -0.370000
122 2.350000 0.105801 -0.404377
123 2.350000 0.171190 -0.494377
124 2.350000 0.171190 -0.605623
125 2.350000 0.105801 -0.695623
126 2.350000 0.000000 -0.730000
127 2.350000 -0.105801 -0.695623
128 2.350000 -0.171190 -0.605623
129 2.350000 -0.171190 -0.494377
130 2.350000 -0.105801 -0.404377
131 2.454241 0.000000 -0.355012
132 2.463926 0.105801 -0.387997
133 2.489282 0.171190 -0.474351
134 2.520624 0.171190 -0.581091
135 2.545980 0.105801 -0.667445
136 2.555665 0.000000 -0.700430
137 2.545980 -0.105801 -0.667445
138 2.520624 -0.171190 -0.581091
139 2.489282 -0.171190 -0.474351
140 2.463926 -0.105801 -0.387997
141 2.550037 0.000000 -0.311264
142 2.568623 0.105801 -0.340184
143 2.617280 0.171190 -0.415896
144 2.677425 0.171190 -0.509483
145 2.726082 0.105801 -0.585195
146 2.744668 0.000000 -0.614115
147 2.726082 -0.105801 -0.585195
148 2.677425 -0.171190 -0.509483
149 2.617280 -0.171190 -0.415896
150 2.568623 -0.105801 -0.340184
151 2.629627 0.000000 -0.242298
152 2.655608 0.105801 -0.264811
153 2.723625 0.171190 -0.323748
154 2.807699 0.171190 -0.396599
155 2.875717 0.105801 -0.455536
156 2.901697 0.000000 -0.478048
157 2.875717 -0.105801 -0.455536
158 2.807699 -0.171190 -0.396599
159 2.723625 -0.171190 -0.323748
160 2.655608 -0.105801 -0.264811
161 2.686564 0.000000 -0.153704
162 2.717834 0.105801 -0.167984
163 2.799701 0.171190 -0.205372
164 2.900894 0.171190 -0.251585
165 2.982761 0.105801 -0.288972
166 3.014031 0.000000 -0.303253
167 2.982761 -0.105801 -0.288972
168 2.900894 -0.171190 -0.251585
169 2.799701 -0.171190 -0.205372
170 2.717834 -0.105801 -0.167984
171 2.716234 0.000000 -0.052656
172 2.750261 0.105801 -0.057549
173 2.839345 0.171190 -0.070357
174 2.949459 0.171190 -0.086189
175 3.038543 0.105801 -0.098997
176 3.072570 0.000000 -0.103890
177 3.038543 -0.105801 -0.098997
178 2.949459 -0.171190 -0.086189
179 2.839345 -0.171190 -0.070357
180 2.750261 -0.105801 -0.057549
181 2.716234 0.000000 0.052656
182 2.750261 0.105801 0.057549
183 2.839345 0.171190 0.070357
184 2.949459 0.171190 0.086189
185 3.038543 0.105801 0.098997
186 3.072570 0.000000 0.103890
187 3.038543 -0.105801 0.098997
188 2.949459 -0.171190 0.086189
189 2.839345 -0.171190 0.070357
190 2.750261 -0.105801 0.057549
191 2.686564 0.000000 0.153704
192 2.717834 0.105801 0.167984
193 2.799701 0.171190 0.205372
194 2.900894 0.171190 0.251585
195 2.982761 0.105801 0.288972
196 3.014031 0.000000 0.303253
197 2.982761 -0.105801 0.288972
198 2.900894 -0.171190 0.251585
199 2.799701 -0.171190 0.205372
200 2.717834 -0.105801 0.167984
201 2.629627 0.000000 0.242298
202 2.655608 0.105801 0.264811
203 2.723625 0.171190 0.323748
204 2.807699 0.171190 0.396599
205 2.875717 0.105801 0.455536
206 2.901697 0.000000 0.478048
207 2.875717 -0.105801 0.455536
208 2.807699 -0.171190 0.396599
209 2.723625 -0.171190 0.323748
210 2.655608 -0.105801 0.264811
211 2.550037 0.000000 0.311264
212 2.568623 0.105801 0.340184
213 2.617280 0.171190 0.415896
214 2.677425 0.171190 0.509483
215 2.726082 0.105801 0.585195
216 2.744668 0.000000 0.614115
217 2.726082 -0.105801 0.585195
218 2.677425 -0.171190 0.509483
219 2.617280 -0.171190 0.415896
220 2.568623 -0.105801 0.340184
221 2.454241 0.000000 0.355012
222 2.463926 0.105801 0.387997
223 2.489282 0.171190 0.474351
224 2.520624 0.171190 0.581091
225 2.545980 0.105801 0.667445
226 2.555665 0.000000 0.700430
227 2.545980 -0.105801 0.667445
228 2.520624 -0.171190 0.581091
229 2.489282 -0.171190 0.474351
230 2.463926 -0.105801 0.387997
231 2.350000 0.000000 0.370000
232 2.350000 0.105801 0.404377
233 2.350000 0.171190 0.494377
234 2.350000 0.171190 0.605623
235 2.350000 0.105801 0.695623
236 2.350000 0.000000 0.730000
237 2.350000 -0.105801 0.695623
238 2.350000 -0.171190 0.605623
239 2.350000 -0.171190 0.494377
240 2.350000 -0.105801 0.404377
241 2.183333 0.000000 0.370000
242 2.183333 0.105801 0.404377
243 2.183333 0.171190 0.494377
244 2.183333 0.171190 0.605623
245 2.183333 0.105801 0.695623
246 2.183333 0.000000 0.730000
247 2.183333 -0.105801 0.695623
248 2.183333 -0.171190 0.605623
249 2.183333 -0.171190 0.494377
250 2.183333 -0.105801 0.404377
251 2.016667 0.000000 0.370000
252 2.016667 0.105801 0.404377
253 2.016667 0.171190 0.494377
254 2.016667 0.171190 0.605623
255 2.016667 0.105801 0.695623
256 2.016667 0.000000 0.730000
257 2.016667 -0.105801 0.695623
258 2.016667 -0.171190 0.605623
259 2.016667 -0.171190 0.494377
260 2.016667 -0.105801 0.404377
261 1.850000 0.000000 0.370000
262 1.850000 0.105801 0.404377
263 1.850000 0.171190 0.494377
264 1.850000 0.171190 0.605623
265 1.850000 0.105801 0.695623
266 1.850000 0.000000 0.730000
267 1.850000 -0.105801 0.695623
268 1.850000 -0.171190 0.605623
269 1.850000 -0.171190 0.494377
270 1.850000 -0.105801 0.404377
271 1.683333 0.000000 0.370000
272 1.683333 0.105801 0.404377
273 1.683333 0.171190 0.494377
274 1.683333 0.171190 0.605623
275 1.683333 0.105801 0.695623
276 1.683333 0.000000 0.730000
277 1.683333 -0.105801 0.695623
278 1.683333 -0.171190 0.605623
279 1.683333 -0.171190 0.494377
280 1.683333 -0.105801 0.404377
281 1.516667 0.000000 0.370000
282 1.516667 0.105801 0.404377
283 1.516667 0.171190 0.494377
284 1.516667 0.171190 0.605623
285 1.516667 0.105801 0.695623
286 1.516667 0.000000 0.730000
287 1.516667 -0.105801 0.695623
288 1.516667 -0.171190 0.605623
289 1.516667 -0.171190 0.494377
290 1.516667 -0.105801 0.404377
291 1.350000 0.000000 0.370000
292 1.350000 0.105801 0.404377
293 1.350000 0.171190 0.494377
294 1.350000 0.171190 0.605623
295 1.350000 0.105801 0.695623
296 1.350000 0.000000 0.730000
297 1.350000 -0.105801 0.695623
298 1.350000 -0.171190 0.605623
299 1.350000 -0.171190 0.494377
300 1.350000 -0.105801 0.404377
301 1.183333 0.000000 0.370000
302 1.183333 0.105801 0.404377
303 1.183333 0.171190 0.494377
304 1.183333 0.171190 0.605623
305 1.183333 0.105801 0.695623
306 1.183333 0.000000 0.730000
307 1.183333 -0.105801 0.695623
308 1.183333 -0.171190 0.605623
309 1.183333 -0.171190 0.494377
310 1.183333 -0.105801 0.404377
311 1.016667 0.000000 0.370000
312 1.016667 0.105801 0.404377
313 1.016667 0.171190 0.494377
314 1.016667 0.171190 0.605623
315 1.016667 0.105801 0.695623
316 1.016667 0.000000 0.730000
317 1.016667 -0.105801 0.695623
318 1.016667 -0.171190 0.605623
319 1.016667 -0.171190 0.494377
320 1.016667 -0.105801 0.404377
321 0.850000 0.000000 0.370000
322 0.850000 0.105801 0.404377
323 0.850000 0.171190 0.494377
324 0.850000 0.171190 0.605623
325 0.850000 0.105801 0.695623
326 0.850000 0.000000 0.730000
327 0.850000 -0.105801 0.695623
328 0.850000 -0.171190 0.605623
329 0.850000 -0.171190 0.494377
330 0.850000 -0.105801 0.404377
331 0.683333 0.000000 0.370000
332 0.683333 0.105801 0.404377
333 0.683333 0.171190 0.494377
334 0.683333 0.171190 0.605623
335 0.683333 0.105801 0.695623
336 0.683333 0.000000 0.730000
337 0.683333 -0.105801 0.695623
338 0.683333 -0.171190 0.605623
339 0.683333 -0.171190 0.494377
340 0.683333 -0.105801 0.404377
341 0.516667 0.000000 0.370000
342 0.516667 0.105801 0.404377
343 0.516667 0.171190 0.494377
344 0.516667 0.171190 0.605623
345 0.516667 0.105801 0.695623
346 0.516667 0.000000 0.730000
347 0.516667 -0.105801 0.695623
348 0.516667 -0.171190 0.605623
349 0.516667 -0.171190 0.494377
350 0.516667 -0.105801 0.404377
351 0.350000 0.000000 0.370000
352 0.350000 0.105801 0.404377
353 0.350000 0.171190 0.494377
354 0.350000 0.171190 0.605623
355 0.350000 0.105801 0.695623
356 0.350000 0.000000 0.730000
357 0.350000 -0.105801 0.695623
358 0.350000 -0.171190 0.605623
359 0.350000 -0.171190 0.494377
360 0.350000 -0.105801 0.404377
361 0.245759 0.000000 0.355012
362 0.236074 0.105801 0.387997
363 0.210718 0.171190 0.474351
364 0.179376 0.171190 0.581091
365 0.154020 0.105801 0.667445
366 0.144335 0.000000 0.700430
367 0.154020 -0.105801 0.667445
368 0.179376 -0.171190 0.581091
369 0.210718 -0.171190 0.474351
370 0.236074 -0.105801 0.387997
371 0.149963 0.000000 0.311264
372 0.131377 0.105801 0.340184
373 0.082720 0.171190 0.415896
374 0.022575 0.171190 0.509483
375 -0.026082 0.105801 0.585195
376 -0.044668 0.000000 0.614115
377 -0.026082 -0.105801 0.585195
378 0.022575 -0.171190 0.509483
379 0.082720 -0.171190 0.415896
380 0.131377 -0.105801 0.340184
381 0.070373 0.000000 0.242298
382 0.044392 0.105801 0.264811
383 -0.023625 0.171190 0.323748
384 -0.107699 0.171190 0.396599
385 -0.175717 0.105801 0.455536
386 -0.201697 0.000000 0.478048
387 -0.175717 -0.105801 0.455536
388 -0.107699 -0.171190 0.396599
389 -0.023625 -0.171190 0.323748
390 0.044392 -0.105801 0.264811
391 0.013436 0.000000 0.153704
392 -0.017834 0.105801 0.167984
393 -0.099701 0.171190 0.205372
394 -0.200894 0.171190 0.251585
395 -0.282761 0.105801 0.288972
396 -0.314031 0.000000 0.303253
397 -0.282761 -0.105801 0.288972
398 -0.200894 -0.171190 0.251585
399 -0.099701 -0.171190 0.205372
400 -0.017834 -0.105801 0.167984
401 -0.016234 0.000000 0.052656
402 -0.050261 0.105801 0.057549
403 -0.139345 0.171190 0.070357
404 -0.249459 0.171190 0.086189
405 -0.338543 0.105801 0.098997
406 -0.372570 0.000000 0.103890
407 -0.338543 -0.105801 0.098997
408 -0.249459 -0.171190 0.086189
409 -0.139345 -0.171190 0.070357
410 -0.050261 -0.105801 0.057549
411 -0.016234 0.000000 -0.052656
412 -0.050261 0.105801 -0.057549
413 -0.139345 0.171190 -0.070357
414 -0.249459 0.171190 -0.086189
415 -0.338543 0.105801 -0.098997
416 -0.372570 0.000000 -0.103890
417 -0.338543 -0.105801 -0.098997
418 -0.249459 -0.171190 -0.086189
419 -0.139345 -0.171190 -0.070357
420 -0.050261 -0.105801 -0.057549
421 0.013436 0.000000 -0.153704
422 -0.017834 0.105801 -0.167984
423 -0.099701 0.171190 -0.205372
424 -0.200894 0.171190 -0.251585
425 -0.282761 0.105801 -0.288972
426 -0.314031 0.000000 -0.303253
427 -0.282761 -0.105801 -0.288972
428 -0.200894 -0.171190 -0.251585
429 -0.099701 -0.171190 -0.205372
430 -0.017834 -0.105801 -0.167984
431 0.070373 0.000000 -0.242298
432 0.044392 0.105801 -0.264811
433 -0.023625 0.171190 -0.323748
434 -0.107699 0.171190 -0.396599
435 -0.175717 0.105801 -0.455536
436 -0.201697 0.000000 -0.478048
437 -0.175717 -0.105801 -0.455536
438 -0.107699 -0.171190 -0.396599
439 -0.023625 -0.171190 -0.323748
440 0.044392 -0.105801 -0.264811
441 0.149963 0.000000 -0.311264
442 0.131377 0.105801 -0.340184
443 0.082720 0.171190 -0.415896
444 0.022575 0.171190 -0.509483
445 -0.026082 0.105801 -0.585195
446 -0.044668 0.000000 -0.614115
447 -0.026082 -0.105801 -0.585195
448 0.022575 -0.171190 -0.509483
449 0.082720 -0.171190 -0.415896
450 0.131377 -0.105801 -0.340184
451 0.245759 0.000000 -0.355012
452 0.236074 0.105801 -0.387997
453 0.210718 0.171190 -0.474351
454 0.179376 0.171190 -0.581091
455 0.154020 0.105801 -0.667445
456 0.144335 0.000000 -0.700430
457 0.154020 -0.105801 -0.667445
458 0.179376 -0.171190 -0.581091
459 0.210718 -0.171190 -0.474351
460 0.236074 -0.105801 -0.387997
Faces:
1 2 12 11 .
2 3 13 12 .
3 4 14 13 .
4 5 15 14 .
5 6 16 15 .
6 7 17 16 .
7 8 18 17 .
8 9 19 18 .
9 10 20 19 .
10 1 11 20 .
11 12 22 21 .
12 13 23 22 .
13 14 24 23 .
14 15 25 24 .
15 16 26 25 .
16 17 27 26 .
17 18 28 27 .
18 19 29 28 .
19 20 30 29 .
20 11 21 30 .
21 22 32 31 .
22 23 33 32 .
23 24 34 33 .
24 25 35 34 .
25 26 36 35 .
26 27 37 36 .
27 28 38 37 .
28 29 39 38 .
29 30 40 39 .
30 21 31 40 .
31 32 42 41 .
32 33 43 42 .
33 34 44 43 .
34 35 45 44 .
35 36 46 45 .
36 37 47 46 .
37 38 48 47 .
38 39 49 48 .
39 40 50 49 .
40 31 41 50 .
41 42 52 51 .
42 43 53 52 .
43 44 54 53 .
44 45 55 54 .
45 46 56 55 .
46 47 57 56 .
47 48 58 57 .
48 49 59 58 .
49 50 60 59 .
50 41 51 60 .
51 52 62 61 .
52 53 63 62 .
53 54 64 63 .
54 55 65 64 .
55 56 66 65 .
56 57 67 66 .
57 58 68 67 .
58 59 69 68 .
59 60 70 69 .
60 51 61 70 .
61 62 72 71 .
62 63 73 72 .
63 64 74 73 .
64 65 75 74 .
65 66 76 75 .
66 67 77 76 .
67 68 78 77 .
68 69 79 78 .
69 70 80 79 .
70 61 71 80 .
71 72 82 81 .
72 73 83 82 .
73 74 84 83 .
74 75 85 84 .
75 76 86 85 .
76 77 87 86 .
77 78 88 87 .
78 79 89 88 .
79 80 90 89 .
80 71 81 90 .
81 82 92 91 .
82 83 93 92 .
83 84 94 93 .
84 85 95 94 .
85 86 96 95 .
86 87 97 96 .
87 88 98 97 .
88 89 99 98 .
89 90 100 99 .
90 81 91 100 .
91 92 102 101 .
92 93 103 102 .
93 94 104 103 .
94 95 105 104 .
95 96 106 105 .
96 97 107 106 .
97 98 108 107 .
98 99 109 108 .
99 100 110 109 .
100 91 101 110 .
101 102 112 111 .
102 103 113 112 .
103 104 114 113 .
104 105 115 114 .
105 106 116 115 .
106 107 117 116 .
107 108 118 117 .
108 109 119 118 .
109 110 120 119 .
110 101 111 120 .
111 112 122 121 .
112 113 123 122 .
113 114 124 123 .
114 115 125 124 .
115 116 126 125 .
116 117 127 126 .
117 118 128 127 .
118 119 129 128 .
119 120 130 129 .
120 111 121 130 .
121 122 132 131 .
122 123 133 132 .
123 124 134 133 .
124 125 135 134 .
125 126 136 135 .
126 127 137 136 .
127 128 138 137 .
128 129 139 138 .
129 130 140 139 .
130 121 131 140 .
131 132 142 141 .
132 133 143 142 .
133 134 144 143 .
134 135 145 144 .
135 136 146 145 .
136 137 147 146 .
137 138 148 147 .
138 139 149 148 .
139 140 150 149 .
140 131 141 150 .
141 142 152 151 .
142 143 153 152 .
143 144 154 153 .
144 145 155 154 .
145 146 156 155 .
146 147 157 156 .
147 148 158 157 .
148 149 159 158 .
149 150 160 159 .
150 141 151 160 .
151 152 162 161 .
152 153 163 162 .
153 154 164 163 .
154 155 165 164 .
155 156 166 165 .
156 157 167 166 .
157 158 168 167 .
158 159 169 168 .
159 160 170 169 .
160 151 161 170 .
161 162 172 171 .
162 163 173 172 .
163 164 174 173 .
164 165 175 174 .
165 166 176 175 .
166 167 177 176 .
167 168 178 177 .
168 169 179 178 .
169 170 180 179 .
170 161 171 180 .
171 172 182 181 .
172 173 183 182 .
173 174 184 183 .
174 175 185 184 .
175 176 186 185 .
176 177 187 186 .
177 178 188 187 .
178 179 189 188 .
179 180 190 189 .
180 171 181 190 .
181 182 192 191 .
182 183 193 192 .
183 184 194 193 .
184 185 195 194 .
185 186 196 195 .
186 187 197 196 .
187 188 198 197 .
188 189 199 198 .
189 190 200 199 .
190 181 191 200 .
191 192 202 201 .
192 193 203 202 .
193 194 204 203 .
194 195 205 204 .
195 196 206 205 .
196 197 207 206 .
197 198 208 207 .
198 199 209 208 .
199 200 210 209 .
200 191 201 210 .
201 202 212 211 .
202 203 213 212 .
203 204 214 213 .
204 205 215 214 .
205 206 216 215 .
206 207 217 216 .
207 208 218 217 .
208 209 219 218 .
209 210 220 219 .
210 201 211 220 .
211 212 222 221 .
212 213 223 222 .
213 214 224 223 .
214 215 225 224 .
215 216 226 225 .
216 217 227 226 .
217 218 228 227 .
218 219 229 228 .
219 220 230 229 .
220 211 221 230 .
221 222 232 231 .
222 223 233 232 .
223 224 234 233 .
224 225 235 234 .
225 226 236 235 .
226 227 237 236 .
227 228 238 237 .
228 229 239 238 .
229 230 240 239 .
230 221 231 240 .
231 232 242 241 .
232 233 243 242 .
233 234 244 243 .
234 235 245 244 .
235 236 246 245 .
236 237 247 246 .
237 238 248 247 .
238 239 249 248 .
239 240 250 249 .
240 231 241 250 .
241 242 252 251 .
242 243 253 252 .
243 244 254 253 .
244 245 255 254 .
245 246 256 255 .
246 247 257 256 .
247 248 258 257 .
248 249 259 258 .
249 250 260 259 .
250 241 251 260 .
251 252 262 261 .
252 253 263 262 .
253 254 264 263 .
254 255 265 264 .
255 256 266 265 .
256 257 267 266 .
257 258 268 267 .
258 259 269 268 .
259 260 270 269 .
260 251 261 270 .
261 262 272 271 .
262 263 273 272 .
263 264 274 273 .
264 265 275 274 .
265 266 276 275 .
266 267 277 276 .
267 268 278 277 .
268 269 279 278 .
269 270 280 279 .
270 261 271 280 .
271 272 282 281 .
272 273 283 282 .
273 274 284 283 .
274 275 285 284 .
275 276 286 285 .
276 277 287 286 .
277 278 288 287 .
278 279 289 288 .
279 280 290 289 .
280 271 281 290 .
281 282 292 291 .
282 283 293 292 .
283 284 294 293 .
284 285 295 294 .
285 286 296 295 .
286 287 297 296 .
287 288 298 297 .
288 289 299 298 .
289 290 300 299 .
290 281 291 300 .
291 292 302 301 .
292 293 303 302 .
293 294 304 303 .
294 295 305 304 .
295 296 306 305 .
296 297 307 306 .
297 298 308 307 .
298 299 309 308 .
299 300 310 309 .
300 291 301 310 .
301 302 312 311 .
302 303 313 312 .
303 304 314 313 .
304 305 315 314 .
305 306 316 315 .
306 307 317 316 .
307 308 318 317 .
308 309 319 318 .
309 310 320 319 .
310 301 311 320 .
311 312 322 321 .
312 313 323 322 .
313 314 324 323 .
314 315 325 324 .
315 316 326 325 .
316 317 327 326 .
317 318 328 327 .
318 319 329 328 .
319 320 330 329 .
320 311 321 330 .
321 322 332 331 .
322 323 333 332 .
323 324 334 333 .
324 325 335 334 .
325 326 336 335 .
326 327 337 336 .
327 328 338 337 .
328 329 339 338 .
329 330 340 339 .
330 321 331 340 .
331 332 342 341 .
332 333 343 342 .
333 334 344 343 .
334 335 345 344 .
335 336 346 345 .
336 337 347 346 .
337 338 348 347 .
338 339 349 348 .
339 340 350 349 .
340 331 341 350 .
341 342 352 351 .
342 343 353 352 .
343 344 354 353 .
344 345 355 354 .
345 346 356 355 .
346 347 357 356 .
347 348 358 357 .
348 349 359 358 .
349 350 360 359 .
350 341 351 360 .
351 352 362 361 .
352 353 363 362 .
353 354 364 363 .
354 355 365 364 .
355 356 366 365 .
356 357 367 366 .
357 358 368 367 .
358 359 369 368 .
359 360 370 369 .
360 351 361 370 .
361 362 372 371 .
362 363 373 372 .
363 364 374 373 .
364 365 375 374 .
365 366 376 375 .
366 367 377 376 .
367 368 378 377 .
368 369 379 378 .
369 370 380 379 .
370 361 371 380 .
371 372 382 381 .
372 373 383 382 .
373 374 384 383 .
374 375 385 384 .
375 376 386 385 .
376 377 387 386 .
377 378 388 387 .
378 379 389 388 .
379 380 390 389 .
380 371 381 390 .
381 382 392 391 .
382 383 393 392 .
383 384 394 393 .
384 385 395 394 .
385 386 396 395 .
386 387 397 396 .
387 388 398 397 .
388 389 399 398 .
389 390 400 399 .
390 381 391 400 .
391 392 402 401 .
392 393 403 402 .
393 394 404 403 .
394 395 405 404 .
395 396 406 405 .
396 397 407 406 .
397 398 408 407 .
398 399 409 408 .
399 400 410 409 .
400 391 401 410 .
401 402 412 411 .
402 403 413 412 .
403 404 414 413 .
404 405 415 414 .
405 406 416 415 .
406 407 417 416 .
407 408 418 417 .
408 409 419 418 .
409 410 420 419 .
410 401 411 420 .
411 412 422 421 .
412 413 423 422 .
413 414 424 423 .
414 415 425 424 .
415 416 426 425 .
416 417 427 426 .
417 418 428 427 .
418 419 429 428 .
419 420 430 429 .
420 411 421 430 .
421 422 432 431 .
422 423 433 432 .
423 424 434 433 .
424 425 435 434 .
425 426 436 435 .
426 427 437 436 .
427 428 438 437 .
428 429 439 438 .
429 430 440 439 .
430 421 431 440 .
431 432 442 441 .
432 433 443 442 .
433 434 444 443 .
434 435 445 444 .
435 436 446 445 .
436 437 447 446 .
437 438 448 447 .
438 439 449 448 .
439 440 450 449 .
440 431 441 450 .
441 442 452 451 .
442 443 453 452 .
443 444 454 453 .
444 445 455 454 .
445 446 456 455 .
446 447 457 456 .
447 448 458 457 .
448 449 459 458 .
449 450 460 459 .
450 441 451 460 .
451 452 2 1 .
452 453 3 2 .
453 454 4 3 .
454 455 5 4 .
455 456 6 5 .
456 457 7 6 .
457 458 8 7 .
458 459 9 8 .
459 460 10 9 .
460 451 1 10 .
