1 -1.000000 -0.370000 0.000000
2 -1.000000 -0.404377 0.105801
3 -1.000000 -0.494377 0.171190
4 -1.000000 -0.605623 0.171190
5 -1.000000 -0.695623 0.105801
6 -1.000000 -0.730000 0.000000
7 -1.000000 -0.695623 -0.105801
8 -1.000000 -0.605623 -0.171190
9 -1.000000 -0.494377 -0.171190
10 -1.000000 -0.404377 -0.105801
11 -0.833333 -0.370000 0.000000
12 -0.833333 -0.404377 0.105801
13 -0.833333 -0.494377 0.171190
14 -0.833333 -0.605623 0.171190
15 -0.833333 -0.695623 0.105801
16 -0.833333 -0.730000 0.000000
17 -0.833333 -0.695623 -0.105801
18 -0.833333 -0.605623 -0.171190
19 -0.833333 -0.494377 -0.171190
20 -0.833333 -0.404377 -0.105801
21 -0.666667 -0.370000 0.000000
22 -0.666667 -0.404377 0.105801
23 -0.666667 -0.494377 0.171190
24 -0.666667 -0.605623 0.171190
25 -0.666667 -0.695623 0.105801
26 -0.666667 -0.730000 0.000000
27 -0.666667 -0.695623 -0.105801
28 -0.666667 -0.605623 -0.171190
29 -0.666667 -0.494377 -0.171190
30 -0.666667 -0.404377 -0.105801
31 -0.500000 -0.370000 0.000000
32 -0.500000 -0.404377 0.105801
33 -0.500000 -0.494377 0.171190
34 -0.500000 -0.605623 0.171190
35 -0.500000 -0.695623 0.105801
36 -0.500000 -0.730000 0.000000
37 -0.500000 -0.695623 -0.105801
38 -0.500000 -0.605623 -0.171190
39 -0.500000 -0.494377 -0.171190
40 -0.500000 -0.404377 -0.105801
41 -0.333333 -0.370000 0.000000
42 -0.333333 -0.404377 0.105801
43 -0.333333 -0.494377 0.171190
44 -0.333333 -0.605623 0.171190
45 -0.333333 -0.695623 0.105801
46 -0.333333 -0.730000 0.000000
47 -0.333333 -0.695623 -0.105801
48 -0.333333 -0.605623 -0.171190
49 -0.333333 -0.494377 -0.171190
50 -0.333333 -0.404377 -0.105801
51 -0.166667 -0.370000 0.000000
52 -0.166667 -0.404377 0.105801
53 -0.166667 -0.494377 0.171190
54 -0.166667 -0.605623 0.171190
55 -0.166667 -0.695623 0.105801
56 -0.166667 -0.730000 0.000000
57 -0.166667 -0.695623 -0.105801
58 -0.166667 -0.605623 -0.171190
59 -0.166667 -0.494377 -0.171190
60 -0.166667 -0.404377 -0.105801
61 0.000000 -0.370000 0.000000
62 0.000000 -0.404377 0.105801
63 0.000000 -0.494377 0.171190
64 0.000000 -0.605623 0.171190
65 0.000000 -0.695623 0.105801
66 0.000000 -0.730000 0.000000
67 0.000000 -0.695623 -0.105801
68 0.000000 -0.605623 -0.171190
69 0.000000 -0.494377 -0.171190
70 0.000000 -0.404377 -0.105801
71 0.166667 -0.370000 0.000000
72 0.166667 -0.404377 0.105801
73 0.166667 -0.494377 0.171190
74 0.166667 -0.605623 0.171190
75 0.166667 -0.695623 0.105801
76 0.166667 -0.730000 0.000000
77 0.166667 -0.695623 -0.105801
78 0.166667 -0.605623 -0.171190
79 0.166667 -0.494377 -0.171190
80 0.166667 -0.404377 -0.105801
81 0.333333 -0.370000 0.000000
82 0.333333 -0.404377 0.105801
83 0.333333 -0.494377 0.171190
84 0.333333 -0.605623 0.171190
85 0.333333 -0.695623 0.105801
86 0.333333 -0.730000 0.000000
87 0.333333 -0.695623 -0.105801
88 0.333333 -0.605623 -0.171190
89 0.333333 -0.494377 -0.171190
90 0.333333 -0.404377 -0.105801
91 0.500000 -0.370000 0.000000
92 0.500000 -0.404377 0.105801
93 0.500000 -0.494377 0.171190
94 0.500000 -0.605623 0.171190
95 0.500000 -0.695623 0.105801
96 0.500000 -0.730000 0.000000
97 0.500000 -0.695623 -0.105801
98 0.500000 -0.605623 -0.171190
99 0.500000 -0.494377 -0.171190
100 0.500000 -0.404377 -0.105801
101 0.666667 -0.370000 0.000000
102 0.666667 -0.404377 0.105801
103 0.666667 -0.494377 0.171190
104 0.666667 -0.605623 0.171190
105 0.666667 -0.695623 0.105801
106 0.666667 -0.730000 0.000000
107 0.666667 -0.695623 -0.105801
108 0.666667 -0.605623 -0.171190
109 0.666667 -0.494377 -0.171190
110 0.666667 -0.404377 -0.105801
111 0.833333 -0.370000 0.000000
112 0.833333 -0.404377 0.105801
113 0.833333 -0.494377 0.171190
114 0.833333 -0.605623 0.171190
115 0.833333 -0.695623 0.105801
116 0.833333 -0.730000 0.000000
117 0.833333 -0.695623 -0.105801
118 0.833333 -0.605623 -0.171190
119 0.833333 -0.494377 -0.171190
120 0.833333 -0.404377 -0.105801
121 1.000000 -0.370000 0.000000
122 1.000000 -0.404377 0.105801
123 1.000000 -0.494377 0.171190
124 1.000000 -0.605623 0.171190
125 1.000000 -0.695623 0.105801
126 1.000000 -0.730000 0.000000
127 1.000000 -0.695623 -0.105801
128 1.000000 -0.605623 -0.171190
129 1.000000 -0.494377 -0.171190
130 1.000000 -0.404377 -0.105801
131 1.104241 -0.355012 0.000000
132 1.113926 -0.387997 0.105801
133 1.139282 -0.474351 0.171190
134 1.170624 -0.581091 0.171190
135 1.195980 -0.667445 0.105801
136 1.205665 -0.700430 0.000000
137 1.195980 -0.667445 -0.105801
138 1.170624 -0.581091 -0.171190
139 1.139282 -0.474351 -0.171190
140 1.113926 -0.387997 -0.105801
141 1.200037 -0.311264 0.000000
142 1.218623 -0.340184 0.105801
143 1.267280 -0.415896 0.171190
144 1.327425 -0.509483 0.171190
145 1.376082 -0.585195 0.105801
146 1.394668 -0.614115 0.000000
147 1.376082 -0.585195 -0.105801
148 1.327425 -0.509483 -0.171190
149 1.267280 -0.415896 -0.171190
150 1.218623 -0.340184 -0.105801
151 1.279627 -0.242298 0.000000
152 1.305608 -0.264811 0.105801
153 1.373625 -0.323748 0.171190
154 1.457699 -0.396599 0.171190
155 1.525717 -0.455536 0.105801
156 1.551697 -0.478048 0.000000
157 1.525717 -0.455536 -0.105801
158 1.457699 -0.396599 -0.171190
159 1.373625 -0.323748 -0.171190
160 1.305608 -0.264811 -0.105801
161 1.336564 -0.153704 0.000000
162 1.367834 -0.167984 0.105801
163 1.449701 -0.205372 0.171190
164 1.550894 -0.251585 0.171190
165 1.632761 -0.288972 0.105801
166 1.664031 -0.303253 0.000000
167 1.632761 -0.288972 -0.105801
168 1.550894 -0.251585 -0.171190
169 1.449701 -0.205372 -0.171190
170 1.367834 -0.167984 -0.105801
171 1.366234 -0.052656 0.000000
172 1.400261 -0.057549 0.105801
173 1.489345 -0.070357 0.171190
174 1.599459 -0.086189 0.171190
175 1.688543 -0.098997 0.105801
176 1.722570 -0.103890 0.000000
177 1.688543 -0.098997 -0.105801
178 1.599459 -0.086189 -0.171190
179 1.489345 -0.070357 -0.171190
180 1.400261 -0.057549 -0.105801
181 1.366234 0.052656 0.000000
182 1.400261 0.057549 0.105801
183 1.489345 0.070357 0.171190
184 1.599459 0.086189 0.171190
185 1.688543 0.098997 0.105801
186 1.722570 0.103890 0.000000
187 1.688543 0.098997 -0.105801
188 1.599459 0.086189 -0.171190
189 1.489345 0.070357 -0.171190
190 1.400261 0.057549 -0.105801
191 1.336564 0.153704 0.000000
192 1.367834 0.167984 0.105801
193 1.449701 0.205372 0.171190
194 1.550894 0.251585 0.171190
195 1.632761 0.288972 0.105801
196 1.664031 0.303253 0.000000
197 1.632761 0.288972 -0.105801
198 1.550894 0.251585 -0.171190
199 1.449701 0.205372 -0.171190
200 1.367834 0.167984 -0.105801
201 1.279627 0.242298 0.000000
202 1.305608 0.264811 0.105801
203 1.373625 0.323748 0.171190
204 1.457699 0.396599 0.171190
205 1.525717 0.455536 0.105801
206 1.551697 0.478048 0.000000
207 1.525717 0.455536 -0.105801
208 1.457699 0.396599 -0.171190
209 1.373625 0.323748 -0.171190
210 1.305608 0.264811 -0.105801
211 1.200037 0.311264 0.000000
212 1.218623 0.340184 0.105801
213 1.267280 0.415896 0.171190
214 1.327425 0.509483 0.171190
215 1.376082 0.585195 0.105801
216 1.394668 0.614115 0.000000
217 1.376082 0.585195 -0.105801
218 1.327425 0.509483 -0.171190
219 1.267280 0.415896 -0.171190
220 1.218623 0.340184 -0.105801
221 1.104241 0.355012 0.000000
222 1.113926 0.387997 0.105801
223 1.139282 0.474351 0.171190
224 1.170624 0.581091 0.171190
225 1.195980 0.667445 0.105801
226 1.205665 0.700430 0.000000
227 1.195980 0.667445 -0.105801
228 1.170624 0.581091 -0.171190
229 1.139282 0.474351 -0.171190
230 1.113926 0.387997 -0.105801
231 1.000000 0.370000 0.000000
232 1.000000 0.404377 0.105801
233 1.000000 0.494377 0.171190
234 1.000000 0.605623 0.171190
235 1.000000 0.695623 0.105801
236 1.000000 0.730000 0.000000
237 1.000000 0.695623 -0.105801
238 1.000000 0.605623 -0.171190
239 1.000000 0.494377 -0.171190
240 1.000000 0.404377 -0.105801
241 0.833333 0.370000 0.000000
242 0.833333 0.404377 0.105801
243 0.833333 0.494377 0.171190
244 0.833333 0.605623 0.171190
245 0.833333 0.695623 0.105801
246 0.833333 0.730000 0.000000
247 0.833333 0.695623 -0.105801
248 0.833333 0.605623 -0.171190
249 0.833333 0.494377 -0.171190
250 0.833333 0.404377 -0.105801
251 0.666667 0.370000 0.000000
252 0.666667 0.404377 0.105801
253 0.666667 0.494377 0.171190
254 0.666667 0.605623 0.171190
255 0.666667 0.695623 0.105801
256 0.666667 0.730000 0.000000
257 0.666667 0.695623 -0.105801
258 0.666667 0.605623 -0.171190
259 0.666667 0.494377 -0.171190
260 0.666667 0.404377 -0.105801
261 0.500000 0.370000 0.000000
262 0.500000 0.404377 0.105801
263 0.500000 0.494377 0.171190
264 0.500000 0.605623 0.171190
265 0.500000 0.695623 0.105801
266 0.500000 0.730000 0.000000
267 0.500000 0.695623 -0.105801
268 0.500000 0.605623 -0.171190
269 0.500000 0.494377 -0.171190
270 0.500000 0.404377 -0.105801
271 0.333333 0.370000 0.000000
272 0.333333 0.404377 0.105801
273 0.333333 0.494377 0.171190
274 0.333333 0.605623 0.171190
275 0.333333 0.695623 0.105801
276 0.333333 0.730000 0.000000
277 0.333333 0.695623 -0.105801
278 0.333333 0.605623 -0.171190
279 0.333333 0.494377 -0.171190
280 0.333333 0.404377 -0.105801
281 0.166667 0.370000 0.000000
282 0.166667 0.404377 0.105801
283 0.166667 0.494377 0.171190
284 0.166667 0.605623 0.171190
285 0.166667 0.695623 0.105801
286 0.166667 0.730000 0.000000
287 0.166667 0.695623 -0.105801
288 0.166667 0.605623 -0.171190
289 0.166667 0.494377 -0.171190
290 0.166667 0.404377 -0.105801
291 0.000000 0.370000 0.000000
292 0.000000 0.404377 0.105801
293 0.000000 0.494377 0.171190
294 0.000000 0.605623 0.171190
295 0.000000 0.695623 0.105801
296 0.000000 0.730000 0.000000
297 0.000000 0.695623 -0.105801
298 0.000000 0.605623 -0.171190
299 0.000000 0.494377 -0.171190
300 0.000000 0.404377 -0.105801
301 -0.166667 0.370000 0.000000
302 -0.166667 0.404377 0.105801
303 -0.166667 0.494377 0.171190
304 -0.166667 0.605623 0.171190
305 -0.166667 0.695623 0.105801
306 -0.166667 0.730000 0.000000
307 -0.166667 0.695623 -0.105801
308 -0.166667 0.605623 -0.171190
309 -0.166667 0.494377 -0.171190
310 -0.166667 0.404377 -0.105801
311 -0.333333 0.370000 0.000000
312 -0.333333 0.404377 0.105801
313 -0.333333 0.494377 0.171190
314 -0.333333 0.605623 0.171190
315 -0.333333 0.695623 0.105801
316 -0.333333 0.730000 0.000000
317 -0.333333 0.695623 -0.105801
318 -0.333333 0.605623 -0.171190
319 -0.333333 0.494377 -0.171190
320 -0.333333 0.404377 -0.105801
321 -0.500000 0.370000 0.000000
322 -0.500000 0.404377 0.105801
323 -0.500000 0.494377 0.171190
324 -0.500000 0.605623 0.171190
325 -0.500000 0.695623 0.105801
326 -0.500000 0.730000 0.000000
327 -0.500000 0.695623 -0.105801
328 -0.500000 0.605623 -0.171190
329 -0.500000 0.494377 -0.171190
330 -0.500000 0.404377 -0.105801
331 -0.666667 0.370000 0.000000
332 -0.666667 0.404377 0.105801
333 -0.666667 0.494377 0.171190
334 -0.666667 0.605623 0.171190
335 -0.666667 0.695623 0.105801
336 -0.666667 0.730000 0.000000
337 -0.666667 0.695623 -0.105801
338 -0.666667 0.605623 -0.171190
339 -0.666667 0.494377 -0.171190
340 -0.666667 0.404377 -0.105801
341 -0.833333 0.370000 0.000000
342 -0.833333 0.404377 0.105801
343 -0.833333 0.494377 0.171190
344 -0.833333 0.605623 0.171190
345 -0.833333 0.695623 0.105801
346 -0.833333 0.730000 0.000000
347 -0.833333 0.695623 -0.105801
348 -0.833333 0.605623 -0.171190
349 -0.833333 0.494377 -0.171190
350 -0.833333 0.404377 -0.105801
351 -1.000000 0.370000 0.000000
352 -1.000000 0.404377 0.105801
353 -1.000000 0.494377 0.171190
354 -1.000000 0.605623 0.171190
355 -1.000000 0.695623 0.105801
356 -1.000000 0.730000 0.000000
357 -1.000000 0.695623 -0.105801
358 -1.000000 0.605623 -0.171190
359 -1.000000 0.494377 -0.171190
360 -1.000000 0.404377 -0.105801
361 -1.104241 0.355012 0.000000
362 -1.113926 0.387997 0.105801
363 -1.139282 0.474351 0.171190
364 -1.170624 0.581091 0.171190
365 -1.195980 0.667445 0.105801
366 -1.205665 0.700430 0.000000
367 -1.195980 0.667445 -0.105801
368 -1.170624 0.581091 -0.171190
369 -1.139282 0.474351 -0.171190
370 -1.113926 0.387997 -0.105801
371 -1.200037 0.311264 0.000000
372 -1.218623 0.340184 0.105801
373 -1.267280 0.415896 0.171190
374 -1.327425 0.509483 0.171190
375 -1.376082 0.585195 0.105801
376 -1.394668 0.614115 0.000000
377 -1.376082 0.585195 -0.105801
378 -1.327425 0.509483 -0.171190
379 -1.267280 0.415896 -0.171190
380 -1.218623 0.340184 -0.105801
381 -1.279627 0.242298 0.000000
382 -1.305608 0.264811 0.105801
383 -1.373625 0.323748 0.171190
384 -1.457699 0.396599 0.171190
385 -1.525717 0.455536 0.105801
386 -1.551697 0.478048 0.000000
387 -1.525717 0.455536 -0.105801
388 -1.457699 0.396599 -0.171190
389 -1.373625 0.323748 -0.171190
390 -1.305608 0.264811 -0.105801
391 -1.336564 0.153704 0.000000
392 -1.367834 0.167984 0.105801
393 -1.449701 0.205372 0.171190
394 -1.550894 0.251585 0.171190
395 -1.632761 0.288972 0.105801
396 -1.664031 0.303253 0.000000
397 -1.632761 0.288972 -0.105801
398 -1.550894 0.251585 -0.171190
399 -1.449701 0.205372 -0.171190
400 -1.367834 0.167984 -0.105801
401 -1.366234 0.052656 0.000000
402 -1.400261 0.057549 0.105801
403 -1.489345 0.070357 0.171190
404 -1.599459 0.086189 0.171190
405 -1.688543 0.098997 0.105801
406 -1.722570 0.103890 0.000000
407 -1.688543 0.098997 -0.105801
408 -1.599459 0.086189 -0.171190
409 -1.489345 0.070357 -0.171190
410 -1.400261 0.057549 -0.105801
411 -1.366234 -0.052656 0.000000
412 -1.400261 -0.057549 0.105801
413 -1.489345 -0.070357 0.171190
414 -1.599459 -0.086189 0.171190
415 -1.688543 -0.098997 0.105801
416 -1.722570 -0.103890 0.000000
417 -1.688543 -0.098997 -0.105801
418 -1.599459 -0.086189 -0.171190
419 -1.489345 -0.070357 -0.171190
420 -1.400261 -0.057549 -0.105801
421 -1.336564 -0.153704 0.000000
422 -1.367834 -0.167984 0.105801
423 -1.449701 -0.205372 0.171190
424 -1.550894 -0.251585 0.171190
425 -1.632761 -0.288972 0.105801
426 -1.664031 -0.303253 0.000000
427 -1.632761 -0.288972 -0.105801
428 -1.550894 -0.251585 -0.171190
429 -1.449701 -0.205372 -0.171190
430 -1.367834 -0.167984 -0.105801
431 -1.279627 -0.242298 0.000000
432 -1.305608 -0.264811 0.105801
433 -1.373625 -0.323748 0.171190
434 -1.457699 -0.396599 0.171190
435 -1.525717 -0.455536 0.105801
436 -1.551697 -0.478048 0.000000
437 -1.525717 -0.455536 -0.105801
438 -1.457699 -0.396599 -0.171190
439 -1.373625 -0.323748 -0.171190
440 -1.305608 -0.264811 -0.105801
441 -1.200037 -0.311264 0.000000
442 -1.218623 -0.340184 0.105801
443 -1.267280 -0.415896 0.171190
444 -1.327425 -0.509483 0.171190
445 -1.376082 -0.585195 0.105801
446 -1.394668 -0.614115 0.000000
447 -1.376082 -0.585195 -0.105801
448 -1.327425 -0.509483 -0.171190
449 -1.267280 -0.415896 -0.171190
450 -1.218623 -0.340184 -0.105801
451 -1.104241 -0.355012 0.000000
452 -1.113926 -0.387997 0.105801
453 -1.139282 -0.474351 0.171190
454 -1.170624 -0.581091 0.171190
455 -1.195980 -0.667445 0.105801
456 -1.205665 -0.700430 0.000000
457 -1.195980 -0.667445 -0.105801
458 -1.170624 -0.581091 -0.171190
459 -1.139282 -0.474351 -0.171190
460 -1.113926 -0.387997 -0.105801
Faces:
1 2 12 11 .
2 3 13 12 .
3 4 14 13 .
4 5 15 14 .
5 6 16 15 .
6 7 17 16 .
7 8 18 17 .
8 9 19 18 .
9 10 20 19 .
10 1 11 20 .
11 12 22 21 .
12 13 23 22 .
13 14 24 23 .
14 15 25 24 .
15 16 26 25 .
16 17 27 26 .
17 18 28 27 .
18 19 29 28 .
19 20 30 29 .
20 11 21 30 .
21 22 32 31 .
22 23 33 32 .
23 24 34 33 .
24 25 35 34 .
25 26 36 35 .
26 27 37 36 .
27 28 38 37 .
28 29 39 38 .
29 30 40 39 .
30 21 31 40 .
31 32 42 41 .
32 33 43 42 .
33 34 44 43 .
34 35 45 44 .
35 36 46 45 .
36 37 47 46 .
37 38 48 47 .
38 39 49 48 .
39 40 50 49 .
40 31 41 50 .
41 42 52 51 .
42 43 53 52 .
43 44 54 53 .
44 45 55 54 .
45 46 56 55 .
46 47 57 56 .
47 48 58 57 .
48 49 59 58 .
49 50 60 59 .
50 41 51 60 .
51 52 62 61 .
52 53 63 62 .
53 54 64 63 .
54 55 65 64 .
55 56 66 65 .
56 57 67 66 .
57 58 68 67 .
58 59 69 68 .
59 60 70 69 .
60 51 61 70 .
61 62 72 71 .
62 63 73 72 .
63 64 74 73 .
64 65 75 74 .
65 66 76 75 .
66 67 77 76 .
67 68 78 77 .
68 69 79 78 .
69 70 80 79 .
70 61 71 80 .
71 72 82 81 .
72 73 83 82 .
73 74 84 83 .
74 75 85 84 .
75 76 86 85 .
76 77 87 86 .
77 78 88 87 .
78 79 89 88 .
79 80 90 89 .
80 71 81 90 .
81 82 92 91 .
82 83 93 92 .
83 84 94 93 .
84 85 95 94 .
85 86 96 95 .
86 87 97 96 .
87 88 98 97 .
88 89 99 98 .
89 90 100 99 .
90 81 91 100 .
91 92 102 101 .
92 93 103 102 .
93 94 104 103 .
94 95 105 104 .
95 96 106 105 .
96 97 107 106 .
97 98 108 107 .
98 99 109 108 .
99 100 110 109 .
100 91 101 110 .
101 102 112 111 .
102 103 113 112 .
103 104 114 113 .
104 105 115 114 .
105 106 116 115 .
106 107 117 116 .
107 108 118 117 .
108 109 119 118 .
109 110 120 119 .
110 101 111 120 .
111 112 122 121 .
112 113 123 122 .
113 114 124 123 .
114 115 125 124 .
115 116 126 125 .
116 117 127 126 .
117 118 128 127 .
118 119 129 128 .
119 120 130 129 .
120 111 121 130 .
121 122 132 131 .
122 123 133 132 .
123 124 134 133 .
124 125 135 134 .
125 126 136 135 .
126 127 137 136 .
127 128 138 137 .
128 129 139 138 .
129 130 140 139 .
130 121 131 140 .
131 132 142 141 .
132 133 143 142 .
133 134 144 143 .
134 135 145 144 .
135 136 146 145 .
136 137 147 146 .
137 138 148 147 .
138 139 149 148 .
139 140 150 149 .
140 131 141 150 .
141 142 152 151 .
142 143 153 152 .
143 144 154 153 .
144 145 155 154 .
145 146 156 155 .
146 147 157 156 .
147 148 158 157 .
148 149 159 158 .
149 150 160 159 .
150 141 151 160 .
151 152 162 161 .
152 153 163 162 .
153 154 164 163 .
154 155 165 164 .
155 156 166 165 .
156 157 167 166 .
157 158 168 167 .
158 159 169 168 .
159 160 170 169 .
160 151 161 170 .
161 162 172 171 .
162 163 173 172 .
163 164 174 173 .
164 165 175 174 .
165 166 176 175 .
166 167 177 176 .
167 168 178 177 .
168 169 179 178 .
169 170 180 179 .
170 161 171 180 .
171 172 182 181 .
172 173 183 182 .
173 174 184 183 .
174 175 185 184 .
175 176 186 185 .
176 177 187 186 .
177 178 188 187 .
178 179 189 188 .
179 180 190 189 .
180 171 181 190 .
181 182 192 191 .
182 183 193 192 .
183 184 194 193 .
184 185 195 194 .
185 186 196 195 .
186 187 197 196 .
187 188 198 197 .
188 189 199 198 .
189 190 200 199 .
190 181 191 200 .
191 192 202 201 .
192 193 203 202 .
193 194 204 203 .
194 195 205 204 .
195 196 206 205 .
196 197 207 206 .
197 198 208 207 .
198 199 209 208 .
199 200 210 209 .
200 191 201 210 .
201 202 212 211 .
202 203 213 212 .
203 204 214 213 .
204 205 215 214 .
205 206 216 215 .
206 207 217 216 .
207 208 218 217 .
208 209 219 218 .
209 210 220 219 .
210 201 211 220 .
211 212 222 221 .
212 213 223 222 .
213 214 224 223 .
214 215 225 224 .
215 216 226 225 .
216 217 227 226 .
217 218 228 227 .
218 219 229 228 .
219 220 230 229 .
220 211 221 230 .
221 222 232 231 .
222 223 233 232 .
223 224 234 233 .
224 225 235 234 .
225 226 236 235 .
226 227 237 236 .
227 228 238 237 .
228 229 239 238 .
229 230 240 239 .
230 221 231 240 .
231 232 242 241 .
232 233 243 242 .
233 234 244 243 .
234 235 245 244 .
235 236 246 245 .
236 237 247 246 .
237 238 248 247 .
238 239 249 248 .
239 240 250 249 .
240 231 241 250 .
241 242 252 251 .
242 243 253 252 .
243 244 254 253 .
244 245 255 254 .
245 246 256 255 .
246 247 257 256 .
247 248 258 257 .
248 249 259 258 .
249 250 260 259 .
250 241 251 260 .
251 252 262 261 .
252 253 263 262 .
253 254 264 263 .
254 255 265 264 .
255 256 266 265 .
256 257 267 266 .
257 258 268 267 .
258 259 269 268 .
259 260 270 269 .
260 251 261 270 .
261 262 272 271 .
262 263 273 272 .
263 264 274 273 .
264 265 275 274 .
265 266 276 275 .
266 267 277 276 .
267 268 278 277 .
268 269 279 278 .
269 270 280 279 .
270 261 271 280 .
271 272 282 281 .
272 273 283 282 .
273 274 284 283 .
274 275 285 284 .
275 276 286 285 .
276 277 287 286 .
277 278 288 287 .
278 279 289 288 .
279 280 290 289 .
280 271 281 290 .
281 282 292 291 .
282 283 293 292 .
283 284 294 293 .
284 285 295 294 .
285 286 296 295 .
286 287 297 296 .
287 288 298 297 .
288 289 299 298 .
289 290 300 299 .
290 281 291 300 .
291 292 302 301 .
292 293 303 302 .
293 294 304 303 .
294 295 305 304 .
295 296 306 305 .
296 297 307 306 .
297 298 308 307 .
298 299 309 308 .
299 300 310 309 .
300 291 301 310 .
301 302 312 311 .
302 303 313 312 .
303 304 314 313 .
304 305 315 314 .
305 306 316 315 .
306 307 317 316 .
307 308 318 317 .
308 309 319 318 .
309 310 320 319 .
310 301 311 320 .
311 312 322 321 .
312 313 323 322 .
313 314 324 323 .
314 315 325 324 .
315 316 326 325 .
316 317 327 326 .
317 318 328 327 .
318 319 329 328 .
319 320 330 329 .
320 311 321 330 .
321 322 332 331 .
322 323 333 332 .
323 324 334 333 .
324 325 335 334 .
325 326 336 335 .
326 327 337 336 .
327 328 338 337 .
328 329 339 338 .
329 330 340 339 .
330 321 331 340 .
331 332 342 341 .
332 333 343 342 .
333 334 344 343 .
334 335 345 344 .
335 336 346 345 .
336 337 347 346 .
337 338 348 347 .
338 339 349 348 .
339 340 350 349 .
340 331 341 350 .
341 342 352 351 .
342 343 353 352 .
343 344 354 353 .
344 345 355 354 .
345 346 356 355 .
346 347 357 356 .
347 348 358 357 .
348 349 359 358 .
349 350 360 359 .
350 341 351 360 .
351 352 362 361 .
352 353 363 362 .
353 354 364 363 .
354 355 365 364 .
355 356 366 365 .
356 357 367 366 .
357 358 368 367 .
358 359 369 368 .
359 360 370 369 .
360 351 361 370 .
361 362 372 371 .
362 363 373 372 .
363 364 374 373 .
364 365 375 374 .
365 366 376 375 .
366 367 377 376 .
367 368 378 377 .
368 369 379 378 .
369 370 380 379 .
370 361 371 380 .
371 372 382 381 .
372 373 383 382 .
373 374 384 383 .
374 375 385 384 .
375 376 386 385 .
376 377 387 386 .
377 378 388 387 .
378 379 389 388 .
379 380 390 389 .
380 371 381 390 .
381 382 392 391 .
382 383 393 392 .
383 384 394 393 .
384 385 395 394 .
385 386 396 395 .
386 387 397 396 .
387 388 398 397 .
388 389 399 398 .
389 390 400 399 .
390 381 391 400 .
391 392 402 401 .
392 393 403 402 .
393 394 404 403 .
394 395 405 404 .
395 396 406 405 .
396 397 407 406 .
397 398 408 407 .
398 399 409 408 .
399 400 410 409 .
400 391 401 410 .
401 402 412 411 .
402 403 413 412 .
403 404 414 413 .
404 405 415 414 .
405 406 416 415 .
406 407 417 416 .
407 408 418 417 .
408 409 419 418 .
409 410 420 419 .
410 401 411 420 .
411 412 422 421 .
412 413 423 422 .
413 414 424 423 .
414 415 425 424 .
415 416 426 425 .
416 417 427 426 .
417 418 428 427 .
418 419 429 428 .
419 420 430 429 .
420 411 421 430 .
421 422 432 431 .
422 423 433 432 .
423 424 434 433 .
424 425 435 434 .
425 426 436 435 .
426 427 437 436 .
427 428 438 437 .
428 429 439 438 .
429 430 440 439 .
430 421 431 440 .
431 432 442 441 .
432 433 443 442 .
433 434 444 443 .
434 435 445 444 .
435 436 446 445 .
436 437 447 446 .
437 438 448 447 .
438 439 449 448 .
439 440 450 449 .
440 431 441 450 .
441 442 452 451 .
442 443 453 452 .
443 444 454 453 .
444 445 455 454 .
445 446 456 455 .
446 447 457 456 .
447 448 458 457 .
448 449 459 458 .
449 450 460 459 .
450 441 451 460 .
451 452 2 1 .
452 453 3 2 .
453 454 4 3 .
454 455 5 4 .
455 456 6 5 .
456 457 7 6 .
457 458 8 7 .
458 459 9 8 .
459 460 10 9 .
460 451 1 10 .
